 21

 91

 38

 38

 38

 38

 38

 38

 38

 45

 38

 38

 38

 38

 38

 38

 38

 93

 46

 36

 36

 36

 36

 36

 36

 36

 46

 36

 36

 36

 36

 36

 36

 36

 46

 46

 37

 40

 39

 36

 40

 39

 36

 41

 36

 40

 39

 36

 40

 39

 37

 46

 46

 36

 36

 36

 36

 36

 36

 36

 36

 36

 36

 36

 36

 36

 36

 36

 46

 46

 36

 42

 36

 42

 36

 40

 38

 45

 38

 39

 36

 42

 36

 42

 36

 46

 46

 36

 46

 36

 46

 36

 36

 36

 46

 36

 36

 36

 46

 36

 46

 36

 46

 46

 36

 41

 36

 58

 38

 39

 32

 41

 32

 40

 38

 44

 36

 41

 36

 46

 46

 36

 36

 36

 46

 32

 32

 32

 32

 32

 32

 32

 46

 36

 36

 36

 46

 92

 38

 39

 36

 41

 32

 91

 39

 59

 40

 93

 32

 41

 36

 40

 38

 94

 36

 36

 36

 36

 32

 32

 46

 32

 32

 32

 46

 32

 32

 36

 36

 36

 36

 91

 38

 39

 36

 42

 32

 92

 38

 38

 38

 94

 32

 42

 36

 40

 38

 93

 46

 36

 36

 36

 46

 32

 32

 32

 32

 32

 32

 32

 46

 36

 36

 36

 46

 46

 36

 101

 36

 46

 32

 40

 38

 38

 38

 39

 32

 46

 36

 101

 36

 46

 46

 37

 36

 36

 41

 36

 36

 36

 34

 36

 36

 36

 41

 36

 36

 37

 46

 58

 38

 39

 36

 36

 36

 40

 38

 45

 38

 39

 36

 36

 36

 40

 38

 44

 46

 36

 36

 36

 42

 36

 36

 36

 46

 36

 36

 36

 42

 36

 36

 36

 46

 46

 36

 40

 38

 43

 38

 39

 36

 41

 36

 40

 38

 43

 38

 39

 36

 46

 46

 36

 36

 36

 36

 36

 36

 36

 36

 36

 36

 36

 36

 36

 36

 36

 46

 92

 38

 38

 38

 38

 38

 38

 38

 38

 38

 38

 38

 38

 38

 38

 38

 94

