 25 
 38 
 38 
 38 
 38 
 38 
 45 
 38 
 38 
 38 
 38 
 38 
 45 
 38 
 38 
 38 
 38 
 38 
 32 
 32 
 32 
 32 
 32 
 46 
 36 
 36 
 36 
 36 
 36 
 46 
 32 
 32 
 32 
 32 
 32 
 91 
 38 
 38 
 39 
 32 
 41 
 36 
 40 
 45 
 39 
 36 
 41 
 32 
 40 
 38 
 38 
 93 
 46 
 37 
 36 
 36 
 36 
 36 
 36 
 36 
 46 
 36 
 36 
 36 
 36 
 36 
 36 
 37 
 46 
 46 
 36 
 91 
 38 
 39 
 36 
 42 
 36 
 41 
 36 
 42 
 36 
 40 
 38 
 93 
 36 
 46 
 46 
 36 
 41 
 36 
 36 
 36 
 46 
 36 
 36 
 36 
 46 
 36 
 36 
 36 
 41 
 36 
 46 
 46 
 36 
 36 
 36 
 42 
 32 
 92 
 38 
 38 
 38 
 94 
 32 
 42 
 36 
 36 
 36 
 46 
 58 
 38 
 39 
 36 
 41 
 32 
 32 
 32 
 32 
 32 
 32 
 32 
 41 
 36 
 40 
 38 
 44 
 46 
 36 
 36 
 36 
 32 
 32 
 91 
 39 
 59 
 40 
 93 
 32 
 32 
 36 
 36 
 36 
 46 
 46 
 36 
 40 
 93 
 42 
 32 
 46 
 32 
 32 
 32 
 46 
 32 
 42 
 91 
 39 
 36 
 46 
 46 
 36 
 36 
 92 
 94 
 32 
 92 
 38 
 38 
 38 
 94 
 32 
 92 
 94 
 36 
 36 
 46 
 92 
 93 
 36 
 36 
 36 
 32 
 32 
 32 
 32 
 32 
 32 
 32 
 36 
 36 
 36 
 91 
 94 
 38 
 94 
 36 
 40 
 38 
 45 
 39 
 36 
 101 
 36 
 40 
 45 
 38 
 39 
 36 
 92 
 38 
 32 
 32 
 36 
 36 
 36 
 46 
 36 
 36 
 34 
 36 
 36 
 46 
 36 
 36 
 36 
 32 
 32 
 91 
 39 
 36 
 42 
 36 
 41 
 36 
 40 
 45 
 39 
 36 
 41 
 36 
 42 
 36 
 40 
 93 
 46 
 37 
 36 
 46 
 36 
 36 
 36 
 36 
 46 
 36 
 36 
 36 
 36 
 46 
 36 
 37 
 46 
 46 
 36 
 40 
 94 
 36 
 40 
 39 
 36 
 41 
 36 
 40 
 39 
 36 
 92 
 39 
 36 
 46 
 46 
 36 
 36 
 36 
 36 
 36 
 36 
 36 
 36 
 36 
 36 
 36 
 36 
 36 
 36 
 36 
 46 
 92 
 38 
 38 
 38 
 38 
 38 
 38 
 38 
 38 
 38 
 38 
 38 
 38 
 38 
 38 
 38 
 94 
