 9 
 91 
 38 
 38 
 38 
 38 
 38 
 38 
 38 
 38 
 38 
 38 
 38 
 38 
 38 
 38 
 38 
 93 
 46 
 36 
 36 
 36 
 36 
 36 
 36 
 36 
 36 
 36 
 36 
 36 
 36 
 36 
 36 
 36 
 46 
 46 
 37 
 36 
 36 
 36 
 36 
 36 
 36 
 36 
 36 
 36 
 36 
 36 
 36 
 36 
 37 
 46 
 46 
 36 
 36 
 36 
 36 
 36 
 36 
 36 
 36 
 36 
 36 
 36 
 36 
 36 
 36 
 36 
 46 
 46 
 36 
 36 
 36 
 36 
 36 
 36 
 36 
 36 
 36 
 36 
 36 
 36 
 36 
 36 
 36 
 46 
 46 
 36 
 36 
 36 
 36 
 36 
 36 
 36 
 36 
 36 
 36 
 36 
 36 
 36 
 36 
 36 
 46 
 46 
 36 
 36 
 36 
 32 
 32 
 32 
 32 
 32 
 32 
 32 
 32 
 32 
 36 
 36 
 36 
 46 
 46 
 36 
 36 
 36 
 32 
 32 
 32 
 32 
 32 
 32 
 32 
 32 
 32 
 36 
 36 
 36 
 46 
 46 
 36 
 36 
 36 
 32 
 32 
 91 
 39 
 59 
 40 
 93 
 32 
 32 
 36 
 36 
 36 
 46 
 46 
 36 
 36 
 36 
 32 
 32 
 46 
 32 
 32 
 32 
 46 
 32 
 32 
 36 
 36 
 36 
 46 
 46 
 36 
 36 
 36 
 32 
 32 
 92 
 38 
 38 
 38 
 94 
 32 
 32 
 36 
 36 
 36 
 46 
 46 
 36 
 36 
 36 
 32 
 32 
 32 
 32 
 32 
 32 
 32 
 32 
 32 
 36 
 36 
 36 
 46 
 46 
 36 
 36 
 36 
 32 
 32 
 32 
 32 
 32 
 32 
 32 
 32 
 32 
 36 
 36 
 36 
 46 
 46 
 36 
 36 
 36 
 36 
 36 
 36 
 36 
 34 
 36 
 36 
 36 
 36 
 36 
 36 
 36 
 46 
 46 
 36 
 36 
 36 
 36 
 36 
 36 
 36 
 36 
 36 
 36 
 36 
 36 
 36 
 36 
 36 
 46 
 46 
 37 
 36 
 36 
 36 
 36 
 36 
 36 
 36 
 36 
 36 
 36 
 36 
 36 
 36 
 37 
 46 
 46 
 36 
 36 
 36 
 36 
 36 
 36 
 36 
 36 
 36 
 36 
 36 
 36 
 36 
 36 
 36 
 46 
 46 
 36 
 36 
 36 
 36 
 36 
 36 
 36 
 36 
 36 
 36 
 36 
 36 
 36 
 36 
 36 
 46 
 92 
 38 
 38 
 38 
 38 
 38 
 38 
 38 
 38 
 38 
 38 
 38 
 38 
 38 
 38 
 38 
 94 
