 60 
 91 
 38 
 38 
 38 
 38 
 45 
 38 
 38 
 38 
 38 
 38 
 45 
 38 
 38 
 38 
 38 
 93 
 46 
 36 
 36 
 36 
 36 
 46 
 36 
 36 
 36 
 36 
 36 
 46 
 36 
 36 
 36 
 36 
 46 
 46 
 37 
 40 
 39 
 36 
 41 
 36 
 40 
 38 
 39 
 36 
 41 
 36 
 40 
 39 
 37 
 46 
 46 
 36 
 36 
 36 
 36 
 36 
 36 
 36 
 36 
 36 
 36 
 36 
 36 
 36 
 36 
 36 
 46 
 92 
 39 
 36 
 42 
 36 
 40 
 39 
 36 
 42 
 36 
 40 
 39 
 36 
 42 
 36 
 40 
 94 
 32 
 32 
 36 
 46 
 36 
 36 
 36 
 36 
 46 
 36 
 36 
 36 
 36 
 46 
 36 
 32 
 32 
 38 
 93 
 36 
 92 
 39 
 36 
 40 
 38 
 43 
 38 
 39 
 36 
 40 
 94 
 36 
 91 
 38 
 32 
 46 
 36 
 36 
 36 
 32 
 32 
 32 
 32 
 32 
 32 
 32 
 36 
 36 
 36 
 46 
 32 
 32 
 46 
 36 
 91 
 93 
 32 
 91 
 39 
 59 
 40 
 93 
 32 
 91 
 93 
 36 
 46 
 32 
 32 
 46 
 36 
 46 
 46 
 32 
 46 
 32 
 32 
 32 
 46 
 32 
 46 
 46 
 36 
 46 
 32 
 38 
 94 
 36 
 92 
 94 
 32 
 92 
 38 
 38 
 38 
 94 
 32 
 92 
 94 
 36 
 92 
 38 
 32 
 32 
 36 
 36 
 36 
 32 
 32 
 32 
 32 
 32 
 32 
 32 
 36 
 36 
 36 
 32 
 32 
 38 
 93 
 36 
 91 
 38 
 39 
 36 
 40 
 38 
 39 
 36 
 40 
 38 
 93 
 36 
 91 
 38 
 91 
 94 
 36 
 41 
 36 
 36 
 36 
 36 
 34 
 36 
 36 
 36 
 36 
 41 
 36 
 92 
 93 
 46 
 36 
 36 
 36 
 36 
 91 
 39 
 36 
 42 
 36 
 40 
 93 
 36 
 36 
 36 
 36 
 46 
 46 
 36 
 91 
 93 
 36 
 46 
 36 
 36 
 46 
 36 
 36 
 46 
 36 
 91 
 93 
 36 
 46 
 46 
 37 
 92 
 94 
 36 
 41 
 36 
 40 
 43 
 39 
 36 
 41 
 36 
 92 
 94 
 37 
 46 
 46 
 36 
 36 
 36 
 36 
 36 
 36 
 36 
 36 
 36 
 36 
 36 
 36 
 36 
 36 
 36 
 46 
 92 
 38 
 38 
 38 
 38 
 38 
 38 
 38 
 38 
 38 
 38 
 38 
 38 
 38 
 38 
 38 
 94 
